[[ 3.15408439 -4.68268932 -5.16774286  0.49050905  3.23448255  4.28100076
  -4.00905982 -4.36925031  3.72587747  3.96633039 -3.96307639 -4.14987468
  -4.96532747  3.25400277  3.50202301  4.60484596  3.87949235 -4.920377
   3.37718454  2.82306224 -4.65375656  3.25738497 -0.18749409  3.3259491
  -5.34518754]
 [ 3.08418585  3.78730444 -4.19638217 -3.69178727  3.16449259  4.0185786
  -4.76625498 -4.22539875  2.53723231  3.62408197 -4.56319733  4.81197074
  -4.90748537 -4.30455386 -5.26052405  4.44651835  4.17028997 -4.77381714
   3.19446766  3.51447795 -4.4477257   3.19054401 -4.06476541  3.24801226
   3.58832608]
 [ 3.0495171   3.5422304  -2.52095507 -3.15943214  2.75314108  4.13474978
  -4.48179692 -4.2536881  -1.47403814  3.67707914  3.33075437 -2.24722522
  -4.22445354  1.82735006 -5.15718492  4.64372054  4.10876339 -4.59639462
   1.48806123 -0.34721715 -4.46997387  3.07413917 -3.71151212  3.23659818
  -5.28007447]
 [ 3.33197201  4.19502428  4.51870083 -3.74029593  3.31828781  4.42135594
  -4.96659289 -4.52361537  3.81576645 -5.66517609 -5.41355111 -4.2425842
  -5.08849028 -5.78828298 -5.70719961 -4.58862058  4.4061316   4.73281415
   3.44993709  3.70106864 -4.87359889  3.46662863 -4.15720808  3.40489352
  -5.63488231]
 [ 3.35161479  4.20322955 -5.34570856 -3.85368045  3.34863953 -5.07559858
   4.56117291  4.94373912  3.61816742  3.89836385  4.1590934  -4.23674699
   4.55998396 -5.53105659  3.76188749  4.86000177 -4.66620251 -4.95030643
   3.47776549  3.71179651  4.69263404  3.34682333 -4.14776173  2.67733375
   3.8004474 ]
 [ 1.68568466  2.48059706 -2.07076037 -2.14273351  1.88483046  2.80680974
  -0.94663606 -2.25430989  1.54653296  2.89349935 -2.4590337  -2.26172657
   2.22115329  2.29458454 -0.51194648  3.55053366  2.56838467 -3.12225649
   1.16493367  0.51226797  0.10615108  0.28548393 -0.1588529   1.07580848
  -1.55862213]
 [ 1.19974865  1.82250247 -1.35595314 -1.80696678  1.83055548  2.71416302
  -0.24396295 -1.77549152  0.67175817  2.69989979 -2.35011494 -1.76088629
   0.40493058  0.50643617 -0.79199815  3.2382313   2.58016394 -1.16363457
   1.09228875  1.51426204 -1.59791542  0.87542466  0.08832541  1.6915525
   0.61858913]
 [ 1.7063844   2.13546316 -2.25304079 -1.72922947  1.92262296  2.4452971
   0.63235622 -2.30678624  1.24394136  2.33028117 -2.06624904 -1.67262399
  -1.81668312  1.59583761 -2.29729826  3.14702358  2.64987404 -2.25528843
   1.55122148  0.82328765  0.11905664  0.92284062  1.43840232  1.53413467
  -1.0696565 ]
 [-1.9880507  -1.54297359  0.87102934  2.00321725 -2.09969441 -1.34089835
   1.26399724  1.50138357 -1.12194796 -0.62758293  1.01025541  1.67549687
   1.33513396  0.92192705  1.01322497 -1.35582702 -1.50205868  1.05967152
  -1.77926505 -1.37101203  1.37177207 -1.6685988   1.84735081 -1.63276163
   0.98526087]
 [-1.90652354 -1.62749022  0.83078701  1.99004806 -1.96089039 -1.34139759
   1.30397418  1.57718081 -1.30018833 -0.39120914  1.02901551  1.62535922
   1.37416524  0.99534587  0.89917682 -1.30715192 -1.49828814  1.05213557
  -1.69906738 -1.26787723  1.36970827 -1.6853878   1.86548947 -1.71724035
   1.06058587]
 [-0.80437435 -0.62616769  0.33372875  0.75721322 -0.88405365 -0.60987379
   0.50672856  0.57816116 -0.56702307 -0.23618343  0.40809775  0.66273315
   0.47646901  0.32310174  0.35462624 -0.55858642 -0.61381826  0.36239241
  -0.72072478 -0.58762013  0.45451193 -0.72470662  0.74712168 -0.65706842
   0.2836854 ]
 [-0.83093431 -0.63273053  0.35603823  0.77535268 -0.90046693 -0.52072294
   0.44355829  0.59588532 -0.48191484 -0.28577113  0.29918914  0.79518572
   0.51592828  0.38399813  0.32183639 -0.57109926 -0.63193538  0.42467334
  -0.74868575 -0.49819903  0.43513458 -0.61108277  0.7494202  -0.66860886
   0.38152418]
 [-0.79959123 -0.59940274  0.34527192  0.81734866 -0.83189149 -0.58807416
   0.41075957  0.55453641 -0.5039438  -0.17898799  0.42011182  0.73349835
   0.4745014   0.18901375  0.30915718 -0.56129484 -0.62525031  0.43813811
  -0.72450998 -0.53069443  0.51311496 -0.66474985  0.70347086 -0.62540522
   0.37747342]
 [-0.3385208  -0.24247718  0.18969844  0.39477231 -0.40306666 -0.20384371
   0.28317508  0.33505471 -0.21758342 -0.03177156  0.2236195   0.38442052
   0.33989826  0.25300683  0.24830175 -0.15854772 -0.25422006  0.27051027
  -0.26088775 -0.17191839  0.25958425 -0.28361368  0.39885679 -0.30344098
   0.28825703]
 [-6.50951363 -5.70053514  4.43958773  6.07184879 -6.55562162 -5.44882271
   4.82238715  5.2896419  -5.91449284 -5.6543323   4.33835527  5.59389231
   4.7554723   4.0763716   4.16476109 -5.08172182 -5.48421715  4.71983259
  -6.35632525 -6.00638568  4.93117031 -6.34172416  5.68424011 -6.37092032
   4.2183027 ]
 [-5.89291181 -5.15705825  3.78992741  5.53374392 -6.03827213 -4.81213942
   4.28502026  4.72696267 -5.06191838 -1.03660283  3.76833993  4.90840744
   4.31034231  3.59223949  3.77363177 -4.63279859 -4.95295021  4.04410772
  -5.68374306 -5.00630079  4.41684024 -5.64261947  5.14981571 -5.70217889
   3.69150312]
 [-5.06443794 -4.39979632  3.35391149  4.90958668 -5.3259251  -4.26135032
   3.68838683  3.95275595 -4.42839505 -2.78872576  3.18832242  4.44607524
   3.80587589  3.12718726  3.02221136 -4.02174745 -4.27143012  3.60154875
  -4.83582491 -4.36226334  3.64949154 -4.87905432  4.60592378 -4.70292903
   3.13284719]
 [-2.57199141 -2.16604295  1.58427814  2.72501203 -2.90472468 -1.95562943
   1.98222006  2.30099123 -1.75355298 -0.63407484  1.69627379  2.38618158
   2.08490636  1.57479403  1.72316101 -1.9660028  -2.16876167  1.79759853
  -2.39996836 -1.86076331  1.98348912 -2.34711278  2.53096495 -2.36053812
   1.77502827]
 [-5.10029196 -4.5192527   3.59715421  4.98871273 -5.4844341  -4.28717236
   4.01325072  4.36731355 -3.69604881  1.62889744  3.37018237  4.54035823
   4.09087382  3.42847966  3.24749211 -4.02666829 -4.46647324  3.66833148
  -5.08299697 -4.44854224  3.98480075 -4.94969712  4.64957593 -4.9418458
   3.54714946]]